-0.12515 0.058139 1
-0.24079 0.82858 -1
-0.13254 0.15646 1
0.35521 0.14607 1
-0.51278 0.16885 -1
-0.3628 0.64364 -1
0.38756 0.03305 1
0.055214 0.13305 1
0.44234 0.79469 -1
0.21672 0.88984 -1
0.19136 0.68085 -1
-0.39897 0.12448 -1
0.45848 0.52283 -1
0.35096 0.96472 -1
-0.50155 0.34413 -1
-0.084286 0.94839 -1
-0.1698 0.9349 -1
-0.51633 0.85778 -1
-0.15775 0.87971 -1
0.48717 0.18014 -1
-0.38853 0.16026 -1
0.35404 0.64913 -1
0.072686 0.58271 1
-0.06879 0.048027 1
0.0019732 0.80366 1
0.17298 0.92332 -1
-0.075337 0.69431 1
-0.26576 0.30999 1
-0.2099 0.92537 -1
-0.43698 0.68774 -1
-0.50378 0.87723 -1
-0.11121 0.021972 1
-0.14045 0.25623 1
-0.36577 0.58926 -1
-0.38069 0.56629 -1
-0.024345 0.69212 1
-0.18525 0.13768 1
0.43368 0.79717 -1
0.16328 0.85596 -1
0.16299 0.061377 1
-0.24348 0.26041 1
-0.09712 0.46582 1
0.39577 0.94339 -1
-0.25805 0.52069 1
-0.25152 0.47824 1
-0.34326 0.64802 -1
0.24099 0.88371 -1
0.26635 0.18241 1
-0.26981 0.08644 1
0.14638 0.11469 1
0.30162 0.46116 -1
-0.11054 0.61153 1
0.34524 0.11353 1
0.3548 0.99087 -1
0.35035 0.52372 -1
-0.17882 0.093933 1
-0.43451 -0.009136 1
0.19532 0.50037 -1
-0.13176 0.13536 1
0.056771 0.13182 1
-0.046562 0.050045 1
0.27996 0.68105 -1
-0.076393 0.1039 1
0.26988 0.14498 1
0.11575 0.24145 1
-0.45158 0.38751 -1
-0.11113 0.095647 1
0.12845 0.010291 1
-0.059275 0.61558 1
0.35559 0.94555 -1
0.2447 0.77288 -1
-0.072766 0.32506 1
0.0022096 0.13347 1
0.51027 0.49296 -1
0.068543 0.20286 1
0.44824 0.62642 -1
0.21275 0.1576 1
0.25699 0.18201 1
-0.36532 0.30007 -1
0.47826 0.33877 -1
-0.23949 0.39494 1
0.045535 0.64811 1
0.2153 0.50095 1
-0.35135 0.31939 1
-0.30895 0.65968 -1
0.22911 0.09836 1
-0.45638 0.3884 -1
-0.44576 0.86526 -1
-0.11897 0.025544 1
-0.29682 0.78151 -1
0.2161 0.45155 1
0.30226 0.24478 1
-0.25525 0.10235 1
-0.42408 0.060469 1
-0.37378 0.73072 -1
0.39903 0.38495 -1
-0.40002 0.57577 -1
0.37938 0.75702 -1
0.48637 0.85902 -1
0.50424 0.54114 -1
-0.13088 0.82728 -1
0.27102 0.71054 -1
-0.26983 0.011921 1
0.11442 0.037814 1
0.23432 -0.027526 1
-0.35528 0.61319 -1
0.012282 0.71938 1
0.36881 0.07867 1
-0.41381 0.18692 -1
-0.27852 0.50704 1
0.43991 0.2174 -1
0.36199 0.10259 1
-0.37897 0.17044 1
-0.3232 0.24338 1
0.51979 0.4127 -1
-0.044085 0.29065 1
-0.3947 1.0189 -1
-0.31027 0.66922 -1
0.40144 0.36646 -1
-0.37674 0.35763 -1
0.17973 0.3716 1
-0.0267 0.96793 -1
0.38393 0.16073 1
-0.43368 0.63358 -1
-0.47264 0.52577 -1
-0.027767 0.25366 1
-0.47741 0.27908 -1
0.20276 0.58162 -1
-0.43617 0.33252 -1
-0.42331 0.14196 1
-0.46865 0.12615 -1
0.021992 0.70506 1
0.078816 0.22583 1
0.17763 0.17907 1
0.0032815 0.36247 1
0.12906 0.3757 1
0.22568 0.74411 -1
0.14325 0.46338 1
0.1001 0.83483 1
0.068627 0.16803 1
-0.046216 0.38841 1
0.38767 0.18911 1
0.0067264 0.44675 1
-0.30421 0.33845 1
0.40675 0.23909 -1
-0.10256 0.28593 1
-0.0032668 0.70712 1
0.0067384 0.54728 1
0.018553 0.36097 1
0.12337 0.59537 1
-0.47385 0.9694 -1
-0.32312 0.070394 1
0.42965 0.73713 -1
0.40674 0.39702 -1
-0.24409 0.23206 1
-0.3799 0.23494 -1
0.36924 0.34286 -1
-0.049083 0.58445 1
-0.22112 0.46311 -1
0.39427 0.095065 1
0.10843 0.82068 -1
0.39742 0.54055 -1
-0.29855 -0.028143 1
0.23068 0.55615 1
-0.052575 0.85599 1
0.27339 0.63848 -1
0.4637 0.30702 -1
0.37106 0.70391 -1
0.31825 0.17023 1
0.13987 0.59908 1
-0.26435 0.42295 1
-0.46897 0.52045 -1
-0.059817 0.15142 1
-0.30489 0.1697 1
0.39346 0.73389 -1
-0.36316 0.6214 -1
-0.44585 0.058238 1
0.24108 0.92589 -1
0.22865 0.97604 -1
0.18564 0.3911 1
0.24458 0.96698 -1
0.080104 0.85878 1
-0.41951 0.17072 1
0.039645 0.26092 1
0.39687 0.4604 -1
-0.53899 0.69786 -1
0.073805 0.1322 1
0.41932 0.10526 1
-0.22865 0.15399 1
-0.42835 0.13278 1
-0.38838 0.37469 -1
-0.30615 0.91578 -1
0.37244 0.40592 -1
-0.44613 0.66681 -1
0.21601 0.082988 1
-0.026943 0.48415 1
0.12144 0.0568 1
-0.058039 0.8585 -1
0.29845 0.45209 -1
0.11767 0.90312 -1
-0.25634 0.93754 -1
0.43595 0.45226 -1
-0.093251 0.3497 1
-0.4508 0.46603 -1
-0.45266 0.18121 -1
-0.020222 0.26654 1
0.16626 0.61427 1
0.473 0.65992 -1
0.027106 0.042633 1
0.25004 0.064242 1
-0.26081 0.5148 1
0.19317 0.43727 1
0.011616 1.0184 -1
0.41171 0.3736 -1
-0.44681 0.49601 -1
0.081208 0.59357 1
-0.36268 0.42939 -1
-0.11908 0.46693 1
0.0368 0.73659 1
-0.34624 0.74089 -1
0.15418 0.61861 1
-0.088644 0.3012 1
-0.44921 0.33746 -1
0.50802 0.53792 -1
0.3862 0.41774 -1
0.34396 0.46924 -1
-0.0010672 0.53911 1
-0.42155 0.2452 -1
-0.41791 0.01986 1
0.18162 0.21599 1
0.31243 0.47913 -1
-0.35252 0.28335 1
0.46979 0.19728 -1
-0.32286 0.43494 1
-0.26844 0.94239 -1
0.076376 0.78166 -1
0.22348 0.8346 -1
-0.070015 0.34205 1
-0.066124 0.96977 -1
0.1022 0.035583 1
-0.29024 0.4265 1
-0.2655 0.34729 1
-4.6401e-05 0.71757 1
-0.087242 0.29919 1
-0.41696 0.94286 -1
-0.054907 0.63153 1
-0.14364 0.97204 -1
0.23896 0.22375 1
-0.44775 0.19829 -1
0.18395 0.69532 -1
0.35432 0.75285 -1
0.41045 0.9415 -1
-0.085187 0.4068 1
0.4422 0.89355 -1
-0.19392 0.65855 -1
-0.29675 0.42456 -1
0.12473 0.16056 1
0.29377 0.15805 1
0.0081057 0.83963 1
-0.17345 0.83594 -1
0.32048 0.43194 -1
0.40213 0.21223 -1
-0.036598 0.39205 1
0.11001 0.60189 1
0.03028 0.064758 1
-0.51156 0.91632 -1
0.29715 0.033094 1
-0.39335 0.54027 -1
0.033906 0.90903 1
0.11384 0.62312 1
-0.34189 0.93952 -1
-0.088862 0.97331 -1
0.07598 0.27182 1
-0.26452 0.45659 -1
-0.26746 0.65907 -1
-0.3053 0.62452 -1
0.21393 0.95044 -1
-0.36983 0.019375 1
-0.14424 0.93575 -1
-0.11775 0.63956 1
-0.096738 0.87087 -1
0.22443 0.55903 -1
-0.36224 0.53748 -1
-0.13614 0.53586 1
0.23098 0.90568 -1
-0.10574 0.16777 1
-0.10524 0.03368 1
-0.16567 0.10051 1
-0.23287 0.3849 1
0.21434 0.38473 1
-0.34055 0.45619 -1
0.47357 1.0067 -1
0.513 0.16792 -1
0.38156 0.1149 1
0.23184 0.41481 1
-0.31711 0.69332 -1
0.43685 0.18609 -1
0.23493 0.1374 1
0.26615 0.073504 1
-0.035357 0.79239 1
