1 6.9223 1.51715
1 -7.18596 3.43614
1 -4.45191 9.86304
1 7.95776 7.61668
1 4.13735 12.2943
1 2.69319 8.86559
1 9.50854 1.22096
1 4.1885 6.62868
1 -0.068248 12.8939
1 -10.8185 3.34398
1 -4.70116 9.80782
1 2.49496 10.6533
1 4.90052 11.5941
1 -2.97933 11.279
1 -7.60509 0.7843
1 11.8593 1.15034
1 -1.40477 7.36433
1 5.17863 8.80771
1 -6.75107 3.70494
1 4.32582 9.77431
1 -8.60457 9.22427
1 5.57072 10.5802
1 2.19413 9.3753
1 6.25018 9.91413
1 -1.25213 10.6899
1 -7.80625 9.42334
1 3.45816 7.42724
1 8.2156 8.82671
1 -10.6861 5.65748
1 -6.07264 9.77996
1 -7.57984 5.7484
1 -8.52464 9.81209
1 -11.1993 1.93616
1 0.345546 9.1317
1 10.4245 0.582584
1 -11.1555 2.45154
1 -1.74751 9.26782
1 -9.88321 1.53469
1 11.4069 2.12365
1 4.47724 7.50102
1 3.01258 9.28959
1 -3.39028 8.20806
1 8.56654 9.60805
1 6.02961 4.45582
1 9.77083 6.98933
1 10.8765 5.99431
1 5.10011 5.21209
1 -1.23765 8.62309
1 4.54075 7.58379
1 4.71522 11.612
1 -11.3124 5.66138
1 -8.50164 4.26702
1 2.74143 7.68467
1 -1.10608 11.6289
1 6.55833 5.21493
1 3.565 11.0519
1 -2.87155 11.5567
1 -0.502481 11.111
1 -11.2066 1.17427
1 10.0466 3.51339
1 -2.69837 6.95432
1 10.279 6.80273
1 -10.7898 1.34228
1 -9.82565 3.28746
1 12.2559 0.601428
1 -5.40448 5.51445
1 6.65653 9.71577
1 -7.52854 1.49466
1 4.23145 9.12796
1 -5.52929 8.07889
1 6.32908 6.33433
1 6.6734 8.79367
1 -8.60942 3.25856
1 8.74734 3.25606
1 -11.4333 5.37977
1 -3.69682 9.52752
1 4.48892 11.5438
1 -4.54723 11.0885
1 -6.12297 4.83838
1 4.98208 7.55342
1 8.13774 4.2222
1 11.3843 0.897101
1 -6.94046 2.16928
1 -0.875675 7.23555
1 9.71071 5.50597
1 5.13385 10.8375
1 10.7644 4.24923
1 9.78246 2.92117
1 -12.1173 1.60073
1 10.3489 5.12009
1 6.20526 5.27849
1 7.28335 8.98907
1 11.6887 3.3841
1 -3.3273 8.9039
1 -0.0890274 10.64
1 7.23146 2.72865
1 -9.31572 4.24977
1 5.09625 7.61222
1 -8.98239 3.62867
1 8.67311 0.811979
1 5.73828 7.47383
1 1.66753 7.64051
1 -7.91626 0.366536
1 8.7576 8.69918
1 9.6526 7.21766
1 -11.1099 4.16699
1 -4.17499 6.82054
1 5.38089 4.82207
1 9.46254 4.40852
1 2.16518 8.50453
1 7.1377 9.12584
1 -7.4848 4.31741
1 11.1182 2.22405
1 7.8978 6.79711
1 -1.798 12.0456
1 8.70573 5.03091
1 1.62878 7.94027
1 5.91355 9.7826
1 -3.54006 12.107
1 0.540546 12.5685
1 11.1865 0.245657
1 8.24998 8.57165
1 0.675699 8.63016
1 10.2124 5.28076
1 6.21254 8.29162
1 10.4649 5.59649
1 -5.35918 10.9097
1 -10.9274 1.58833
1 3.23674 10.2382
1 5.40555 5.88158
1 -12.1666 2.39281
1 -2.19368 6.77824
1 1.56922 12.8726
1 -8.66296 2.58656
1 -12.4827 0.0373368
1 -9.47882 1.23421
1 8.87034 3.37504
1 8.76084 9.06958
1 5.63375 9.46904
1 10.7692 1.04818
1 6.34097 9.91548
1 10.686 1.7769
1 -8.0882 0.530106
1 -9.30873 1.34476
1 1.80022 11.0581
1 11.0168 1.137
1 -5.88318 7.68397
1 -11.7302 5.1796
1 -4.19849 11.7954
1 -0.718358 9.28699
1 -2.41317 11.8053
1 9.49935 8.47782
1 -2.45881 12.1968
1 7.56378 2.98381
1 -10.5267 0.858329
1 7.53717 8.04647
1 -8.44265 8.52747
1 -11.219 4.74784
1 9.52765 1.48494
1 1.84869 8.57306
1 0.783435 8.07883
1 1.91087 10.0437
1 -7.47148 8.67387
1 -1.65066 8.48622
1 -10.9248 1.85614
1 2.6404 7.89607
1 11.079 2.09225
1 10.5789 5.61478
1 7.81558 0.569557
1 6.44221 11.0198
1 -8.14344 9.47326
1 7.87507 5.07468
1 -7.70158 3.63229
1 4.55076 8.26076
1 9.49862 0.152842
1 -10.418 6.03279
1 -11.971 1.40977
1 12.1202 2.89672
1 -6.06914 9.77468
1 -5.70124 7.79659
1 -6.36606 10.3682
1 9.44532 1.35726
1 -2.70654 7.37353
1 7.07151 4.10938
1 0.444193 9.86973
1 -3.53805 7.55868
1 -5.95643 5.17322
1 11.8715 4.20854
1 11.8183 5.09913
1 -12.5467 1.96764
1 9.51401 0.304077
1 5.55741 8.77261
1 -7.20595 5.91591
1 1.51718 10.3809
1 -10.7604 4.76391
1 -0.0401712 9.97041
1 7.09708 3.39742
1 -10.432 2.952
1 8.44198 3.79793
1 -10.1705 4.73663
1 6.22275 7.74174
1 -9.78141 3.13095
1 -3.87145 8.50284
1 -5.67046 11.2768
1 7.0856 9.42794
1 -5.84538 5.96793
1 -7.63341 9.81439
1 -11.5584 3.6645
1 -6.50317 6.59162
1 -7.75423 9.46983
1 9.47506 5.47953
1 11.2094 6.32083
1 -7.73877 7.32403
1 2.87613 11.6545
1 -2.01749 11.8606
1 -10.5373 1.87333
1 8.86763 7.55398
1 3.02149 11.266
1 7.66916 1.3343
1 -2.91141 9.32377
1 5.79628 10.8324
1 10.943 0.994553
1 -7.09886 0.601739
1 10.15 7.12109
1 3.69361 11.3003
1 2.75086 10.8822
1 -12.1009 0.194182
1 10.7692 1.04818
1 8.14353 8.63352
1 0.389573 12.4313
1 -9.13587 6.75078
1 -8.23474 8.85001
1 7.65218 0.301177
1 -9.6652 6.07585
1 11.0999 5.64924
1 -9.31801 8.41676
1 -7.21321 1.40334
1 9.99311 1.53043
1 -9.01426 1.89249
1 -1.10494 12.12
1 2.03376 6.8438
1 4.9938 11.4815
1 -11.4043 2.1488
1 9.58997 0.117736
1 -4.05592 6.89488
1 -2.99022 7.17567
1 2.57708 6.76247
1 -4.92628 5.98545
1 -7.30738 7.11477
1 -1.31594 8.494
1 -8.49098 5.16377
1 9.656 2.49611
1 -10.9299 3.25547
1 -8.72089 3.28564
1 -1.19657 10.217
1 4.49428 6.11168
1 -3.03836 10.0815
1 5.91532 5.78768
1 -3.94899 10.4017
1 -6.79195 3.68164
1 8.38171 1.70656
1 -6.85652 1.82991
1 3.4252 10.5635
1 1.00978 8.23174
1 -6.21566 7.80885
1 -9.92462 6.33608
1 -6.65283 5.28802
1 -8.99758 2.61301
1 -12.1744 3.27589
1 8.52179 3.27704
1 -4.82401 6.90105
1 -11.2428 6.20168
1 -11.402 1.72562
1 -7.76175 1.47263
1 8.67988 2.26154
1 -1.5601 10.8311
1 7.59712 7.49122
1 1.99173 9.24545
1 -10.8238 0.685213
1 12.9666 0.685372
1 3.0323 7.06402
1 4.37186 7.9667
1 -11.9874 3.50595
1 9.89841 5.99537
1 6.22403 5.46383
1 0.762968 11.4447
1 -6.10699 9.79099
1 -9.9956 4.80226
1 4.76173 5.21096
1 -10.8062 6.96971
1 5.26214 8.3412
1 9.68547 5.48867
1 -9.2395 6.22009
1 -0.865201 7.27774
1 -3.04085 8.08384
1 9.14809 4.26509
1 6.54215 7.16695
1 10.8392 0.754852
1 10.9054 2.69362
1 5.06975 6.51848
1 9.46608 2.30625
1 9.93736 7.04249
1 1.73663 10.8152
1 5.98572 6.12867
1 -5.7654 4.52278
1 3.25939 8.5959
1 -8.13878 1.29101
1 -8.52108 0.805542
1 -12.645 2.5171
1 1.24103 10.258
1 -0.906251 9.51646
1 10.191 5.2225
1 -10.4964 1.4598
1 7.13027 1.46549
1 4.10397 8.43028
1 -6.0307 8.41023
1 -4.06199 9.99799
1 -8.13517 0.747709
1 3.33275 11.6469
1 -7.73145 6.56858
1 -9.44361 4.90213
1 11.8853 0.564246
1 -9.54235 2.49298
1 9.57039 5.23417
1 -9.57555 1.84817
1 7.56542 5.52628
1 -12.1659 0.558137
1 -7.85563 2.23732
1 6.29725 6.163
1 -4.38637 7.83001
1 -8.45556 2.53695
1 -7.68558 5.65381
1 -8.96739 8.27614
1 -4.45735 8.84368
1 -7.0216 4.2877
1 4.02473 9.0089
1 10.4262 3.09268
1 7.60101 1.06727
1 3.57538 10.2805
1 -7.78582 6.84896
1 3.96833 6.3171
1 7.90543 9.5484
1 -11.6624 0.0821194
1 3.05742 10.4319
1 7.15764 6.36722
1 -3.9798 9.1738
1 8.52679 6.86162
1 -1.40676 11.5143
1 2.43477 9.4202
1 -2.96531 9.29256
1 -1.32695 9.75652
1 -1.09205 9.68304
1 -5.55166 4.65227
1 3.82922 8.07964
1 -9.46068 6.02793
1 -5.28401 5.11247
1 1.01538 9.37265
1 -10.0121 7.61389
1 -4.31792 8.5685
1 6.35434 7.45563
1 -8.92089 4.83027
1 4.54472 7.66231
1 -12.1124 1.61993
1 -5.02162 6.29685
1 -7.09292 3.75452
1 -11.6471 4.08947
1 -8.63514 4.50793
1 -2.90673 7.27564
1 -4.24389 8.68922
1 -8.86993 0.742833
1 9.54834 1.32734
1 -9.42001 8.68475
1 5.71731 10.5532
1 -10.3837 2.21346
1 9.78414 7.50231
1 5.79289 7.97559
1 8.87164 7.65384
1 -10.5026 5.32882
1 8.20049 1.31489
1 -6.41059 4.69098
1 -8.57108 4.57354
1 -11.2634 0.864678
1 -5.48085 5.94758
1 -1.4444 11.2942
1 9.57388 8.61255
1 -3.69842 6.47578
1 -7.57381 9.42825
1 1.24995 7.43546
1 -6.92552 9.63557
1 -0.00499074 10.1948
1 8.25569 8.44173
1 -11.1109 5.77979
1 -1.55092 6.96253
1 8.86057 3.74618
1 6.83376 5.64336
1 -4.34456 11.5752
1 -0.00770507 12.1446
1 -8.43401 8.66612
1 12.6865 2.53449
1 9.04157 3.62348
1 8.64568 5.13003
1 7.4284 5.02387
1 9.45792 2.07758
1 9.0394 5.323
1 -6.54434 4.39706
1 7.28337 10.2139
1 -5.40067 6.79918
1 0.33721 11.2945
1 2.95819 11.685
1 3.09682 8.01824
1 8.8916 3.92783
1 -11.203 4.73141
1 -7.86972 1.01702
1 -5.64581 7.42547
1 8.72953 6.80171
1 -5.14018 11.4177
1 -3.71379 10.6617
1 9.2821 2.97992
1 4.77212 11.4331
1 -6.30102 3.81377
1 12.1587 0.594837
1 10.4619 0.963774
1 -6.63661 8.36021
1 -7.41761 2.43508
1 7.49633 4.31544
1 -6.38608 10.6775
1 9.22599 1.24897
1 5.95099 6.62145
1 4.44196 9.46564
1 2.90913 11.5976
1 0.251303 9.89393
1 -9.28963 1.10553
1 -4.28739 9.09957
1 9.49286 0.368306
1 6.1918 9.79933
1 10.8322 0.667675
1 10.8201 2.76437
1 -9.21759 8.5305
1 5.31102 7.35526
1 -10.5697 4.20106
1 -4.73017 6.46051
1 -6.05594 5.76332
1 -2.22994 9.42205
1 -10.4096 3.40422
1 9.10268 6.82369
1 0.330205 7.19084
1 6.41252 4.68989
1 -11.6726 0.23785
1 2.19856 12.2207
1 -7.51168 8.97142
1 0.242806 9.18707
1 -3.29598 10.792
1 10.143 3.86986
1 7.6242 5.97157
1 -5.20578 6.7336
1 2.79513 12.486
1 0.997195 8.04347
1 -10.9937 5.94729
1 6.1736 7.07486
1 -12.6122 2.1616
1 -2.24691 9.58949
1 -5.21298 4.86843
1 8.48753 8.49192
1 -0.946344 10.6751
1 -8.34474 7.64411
1 -8.5762 4.9116
1 -12.5392 2.87637
1 -10.6279 4.2936
1 -10.881 6.12256
1 -9.62784 2.89309
1 -4.38514 8.42452
1 -4.66651 7.81299
1 0.0224192 9.27387
1 -2.26807 10.6884
1 4.3632 10.5319
1 1.8819 7.13756
1 11.1074 3.17147
1 -3.67571 11.1177
1 -9.90546 0.723924
1 -7.22087 2.21716
1 -3.06996 10.444
1 0.0779493 7.56574
1 -9.60559 7.09484
1 -7.46718 2.68643
1 -6.16438 9.29597
1 4.56025 10.4574
1 -7.7679 3.47029
1 -1.9729 10.6253
1 -10.739 4.76796
1 3.30474 11.7273
1 2.55993 8.92004
1 10.0464 5.82335
1 5.04874 10.7781
1 -7.83434 2.31994
1 -8.54093 3.66745
1 -1.59913 9.48813
1 6.60804 6.1717
1 8.25596 4.9756
1 6.91872 7.76249
1 0.0404807 9.76417
1 -8.64393 0.753129
1 7.3209 3.03357
1 -0.513305 12.882
1 5.10611 10.7904
1 -4.44819 11.9052
1 2.44311 9.56997
1 10.3341 0.581249
1 -9.63664 5.70835
1 -1.46086 10.6616
1 -2.46816 8.29652
1 -12.615 1.26419
1 6.62623 6.99734
1 -10.6369 6.74061
1 -6.07364 3.90023
1 -3.09479 6.83778
1 9.11056 1.88259
1 11.3303 2.50779
1 7.9164 7.3631
1 11.1453 2.15307
1 -4.10664 6.28864
1 -9.53281 3.48807
1 9.49862 0.152842
1 10.5337 1.21042
1 5.7628 5.14407
1 8.84039 2.77466
1 11.6533 0.623224
1 -4.04649 8.05851
1 6.114 8.58075
1 4.7909 7.98262
1 -10.6736 4.62244
1 -10.9265 4.92878
1 -4.06459 6.20052
1 12.1492 1.78083
1 12.2142 1.15081
1 -11.2423 6.284
1 9.58751 5.42596
1 5.79656 8.55968
1 -5.21073 8.0069
1 11.0331 2.259
1 -8.27369 5.20873
1 7.25275 8.92616
1 -11.1024 5.54906
1 7.02865 1.39093
1 -6.82718 6.36243
1 -10.1276 0.187145
1 -10.3731 0.253358
1 -4.98803 8.63416
1 6.20375 4.14493
1 -3.98531 9.12055
1 -5.1208 4.99317
1 7.41731 5.69097
1 -1.98663 9.67922
1 7.52334 3.65848
1 1.0647 8.25546
1 0.303685 7.94464
1 -5.75941 7.61118
1 -8.24043 4.02257
1 2.79158 7.81861
1 -1.05462 9.62451
1 7.83131 9.84796
1 -7.54961 0.922628
1 5.88259 9.1058
1 4.32447 9.07445
1 -9.62411 1.21095
1 -4.44539 9.90942
1 7.75029 10.0603
1 -7.90479 9.0792
1 -2.11758 11.8015
1 -6.85991 5.73871
1 5.97179 8.26914
1 10.8972 3.31587
1 1.3732 8.03341
1 7.97273 0.373818
1 3.69897 11.4733
1 9.31812 8.58123
1 8.20942 8.99789
1 -7.46702 6.12801
1 8.17725 6.84323
1 -8.1881 5.59214
1 4.77484 7.54276
1 -1.05632 9.63943
1 7.12496 3.63527
1 4.97744 8.21854
1 -8.94812 7.78806
1 -9.76073 3.02927
1 -4.36542 9.81888
1 8.54849 7.31646
1 -9.42702 2.8811
1 -3.72845 8.94429
1 -7.93386 9.80008
1 -6.99366 2.08674
1 1.07717 9.71603
1 -2.4444 10.4362
1 0.999408 10.4534
1 -1.87667 6.93779
1 -8.31063 9.93745
1 4.66128 8.59488
1 8.62399 1.14945
1 -5.57667 7.35902
1 -11.5514 5.82571
1 -5.62897 7.78277
1 3.63027 8.41125
1 9.50889 6.92352
1 -6.3165 4.9554
1 -2.20009 8.29827
1 4.70095 9.87686
1 -10.0967 7.68306
1 10.4449 7.46708
1 -7.23914 3.75462
1 -7.95829 6.87321
1 8.71438 7.71502
1 6.51848 3.16181
1 -8.36501 7.78578
1 -2.98082 11.7786
1 6.31497 10.6465
1 -5.67394 6.52977
1 7.76037 0.0143322
1 6.68351 2.5552
1 11.2678 3.58766
1 11.5713 4.87732
1 -9.98831 0.700538
1 -3.01247 11.8095
1 -8.00927 8.11594
1 10.1945 1.88136
1 -3.78124 10.2218
1 7.21747 8.87907
1 7.25049 9.89639
1 -3.16626 8.20872
1 -4.58984 10.0567
1 9.34265 0.358051
1 10.8889 3.07618
1 -9.8145 4.86626
1 11.8647 3.14866
1 3.86872 10.1972
1 -8.45774 1.42764
1 9.03899 7.84006
1 -8.02045 7.10461
1 -8.017 4.72077
1 6.84098 4.00011
1 9.84645 3.30535
1 1.69303 12.1691
1 3.0632 11.1648
1 10.5514 2.47731
1 1.03696 10.2197
1 -5.10541 7.05856
1 8.52389 0.62939
1 -7.29253 6.43187
1 11.1636 3.53835
1 -11.6853 0.477345
1 -11.4338 3.46356
1 -7.78898 1.57888
1 9.30488 4.43984
1 -9.96384 1.47861
1 -3.54349 6.43992
1 5.9103 6.69594
1 -9.69239 5.93349
1 7.96981 10.0099
1 -5.20889 11.695
1 6.42382 10.856
1 3.76711 12.0488
1 3.94538 8.83416
1 -8.10999 2.48124
1 -1.59353 6.97194
1 0.270067 7.02389
1 -9.16348 6.07472
1 3.13491 8.55252
1 -5.18429 6.59499
1 7.76765 7.8522
1 1.03634 9.46399
1 -12.3592 2.93758
1 7.18624 9.02658
1 -9.37846 4.91386
1 7.58295 6.98238
1 -12.4299 0.996703
1 6.04846 10.4615
1 7.90137 4.32961
1 -11.9102 2.4088
1 1.79265 10.3614
1 -2.86753 12.0844
1 -10.1438 4.48229
1 12.2091 3.52991
1 -11.4122 1.25927
1 3.59446 9.75336
1 5.52735 10.3771
1 5.89746 4.98354
1 6.86017 6.81094
1 -8.34821 5.60404
1 7.48868 2.89564
1 -8.77109 6.51089
1 11.3887 0.44171
1 -8.03937 10.0233
1 12.9838 0.221268
1 10.7161 4.36732
1 6.79426 2.31129
1 -7.75943 8.46387
1 4.32146 9.70005
1 0.450805 8.08969
1 8.17626 6.58267
1 10.34 7.75335
1 6.9907 5.94176
1 -4.88105 11.6945
1 8.72239 3.0087
1 4.79081 8.35935
1 2.9709 11.0589
1 0.276946 7.80068
1 -9.49923 6.81552
1 -5.29774 4.73306
1 5.37112 10.5406
1 -7.41331 1.46855
1 1.87037 8.1655
1 -6.68192 10.8249
1 9.57487 4.49869
1 -6.72536 9.81653
1 8.99682 7.12935
1 10.5099 7.49351
1 -0.96568 7.61469
1 -4.43901 6.83802
1 2.21706 12.565
1 -1.55864 9.73704
1 2.98574 10.4738
1 -0.627731 10.0588
1 2.07638 10.9735
1 10.214 7.08545
1 6.97897 5.93102
1 4.69566 6.09418
1 -4.54482 6.96776
1 -11.5848 0.511567
1 -6.47554 7.61364
1 11.1954 5.88058
1 -8.32866 1.83114
1 -5.32856 8.42408
1 -2.68463 9.9461
1 5.41912 7.71494
1 -12.666 2.13863
1 -10.3697 3.09431
1 -0.883589 11.5174
1 3.69725 7.28296
1 -8.12549 7.01476
1 8.57365 4.46383
1 -8.66656 7.41107
1 12.1581 1.8069
1 -0.0292088 8.8849
1 5.10947 5.05139
1 -8.67126 0.594637
1 -1.75619 8.40303
1 7.21175 8.26516
1 11.4865 4.31438
1 2.00112 12.6677
1 1.37302 8.34458
1 2.51493 6.82189
1 -8.58299 9.46202
1 7.02573 4.05472
1 -4.45191 9.86304
1 6.14056 11.0733
1 -7.22412 10.3479
1 3.09525 11.3613
1 -4.58827 11.7853
1 -0.560391 12.2049
1 7.7899 2.56477
1 6.73553 5.10979
1 -3.35087 12.3407
1 -7.49773 6.4698
1 7.11691 2.1592
1 8.12204 0.811833
1 -9.28298 6.00315
1 -0.169191 12.6926
1 6.98714 8.96131
1 -7.59618 5.56175
1 -2.01264 8.99087
1 3.25998 11.5686
1 6.35194 5.71572
1 -4.81544 8.83227
1 -2.65842 8.4946
1 11.0671 5.01951
1 -12.5022 0.607936
1 -1.48523 10.5305
1 -0.828675 9.41334
1 4.95474 9.49427
1 9.04713 4.90151
1 0.957726 9.9161
1 -4.80866 9.69642
1 -6.36524 8.37458
1 -2.16254 11.8877
1 8.66268 1.34609
1 6.71378 9.17023
1 -7.61516 4.60008
1 4.82524 12.0628
1 5.03886 9.50629
1 0.804433 10.9321
1 6.40572 4.51811
1 -7.68737 2.35771
1 8.30733 0.358571
1 -9.6201 4.43627
1 3.43152 9.63086
1 1.7114 8.18703
1 -9.50024 0.346307
1 7.5437 0.518649
1 11.4237 0.947136
1 -2.86214 6.63244
1 7.85704 1.05359
1 6.80516 3.30015
1 8.87109 0.22845
1 11.1426 4.97225
1 0.672345 11.0543
1 -6.05516 4.14314
1 3.25639 6.36218
1 -7.98404 4.61006
1 -5.74609 8.91014
1 -5.74305 6.16693
1 8.88509 1.17477
1 7.1377 9.12584
1 -6.31924 3.69703
1 7.33542 7.13678
1 8.29658 0.472567
1 9.46468 0.429189
1 -5.85464 8.11622
1 -1.10815 8.30436
1 -3.53921 10.8795
1 9.48981 6.78211
1 -6.81893 1.70721
1 -3.47273 7.6805
1 -6.36639 10.9879
1 -7.96717 6.64306
1 -3.98003 11.5495
1 -10.5696 0.083697
1 9.14596 4.11064
1 -9.72521 6.28852
1 -4.58809 7.04541
1 1.10805 10.4146
1 -9.65612 5.18354
1 -10.9075 2.62402
1 7.62531 2.5704
1 -6.63454 9.99466
1 8.36372 7.54366
1 7.83061 7.02842
1 -6.80072 7.3775
1 10.877 4.98065
1 3.34585 8.05276
1 -6.79925 2.58525
1 4.07082 8.17115
1 -10.3201 2.46035
1 -5.96822 5.31455
1 -8.54454 6.54016
1 1.71543 11.281
1 -9.15586 6.53498
1 1.55275 7.9526
1 9.27934 4.88851
1 10.4644 2.28212
1 5.7904 6.27841
1 -3.93744 6.7038
1 -10.3853 5.08376
1 -11.7742 2.83391
1 -6.18981 3.57351
1 1.28988 8.38845
1 -6.85953 9.84828
1 -6.26563 4.99716
1 -8.26657 2.97459
1 -12.602 0.73665
1 -10.4618 2.54502
1 9.41396 3.91886
1 10.2184 2.90795
1 -11.348 4.27274
1 8.11365 4.05156
1 10.7438 5.75205
1 8.07195 1.59869
1 7.14943 0.753601
1 -0.935694 12.5756
1 -8.2217 3
1 0.270731 10.1673
1 -4.31398 11.9219
1 -10.0351 0.50464
1 -7.49096 7.49558
1 10.3963 1.52458
1 2.36189 10.361
1 2.67153 11.5577
1 4.74502 5.42376
1 -11.09 2.20329
1 -12.0453 1.88977
1 -4.48493 11.6814
1 4.8356 8.17159
1 0.18544 10.8282
1 11.2594 4.84742
1 -3.87738 9.96334
1 4.98306 8.48248
1 -8.25767 9.82695
1 10.3684 3.31151
1 5.18677 7.93421
1 12.8256 1.35082
1 11.693 0.858949
1 -8.6045 1.46614
1 -0.316314 7.91153
1 6.751 2.0687
1 3.28322 7.03713
1 -11.1452 4.03682
1 -8.01347 7.60526
1 -4.3027 9.82148
1 -0.0602318 10.1317
1 -6.36032 6.71143
1 -12.3795 0.202133
1 11.9132 1.46535
1 2.68925 11.8299
1 -4.85556 7.59553
1 10.1954 7.64517
1 2.96095 6.9861
1 8.99392 1.8512
1 10.7761 1.63477
1 2.74771 11.16
1 -8.58899 2.70999
1 -10.1047 7.15044
1 7.10029 7.76244
1 -0.802526 9.51331
1 10.8978 5.9901
1 -10.0728 3.03394
1 -1.69117 9.5868
1 5.54159 8.36866
1 4.49886 7.83202
1 8.60246 6.32337
1 -8.29001 2.56726
1 7.39656 1.61036
1 -7.25374 10.7871
1 -2.60514 8.88438
1 4.48192 7.2797
1 -7.71585 2.33431
1 9.03188 7.02367
1 11.2735 2.50618
1 -3.54489 8.3025
1 6.90524 4.37834
1 -0.918205 9.76542
1 10.7771 3.62431
1 -10.0988 4.71786
1 -6.53252 9.01804
1 9.80244 1.02082
1 11.8902 3.56932
1 8.16546 9.09599
1 11.4955 4.07816
1 10.35 2.31723
1 6.80095 8.83089
1 1.97777 11.7398
1 5.93985 6.14969
1 3.31409 8.30468
1 0.14566 10.6611
1 -8.95729 4.28362
1 3.09484 7.34569
1 -1.62809 7.47278
1 -8.094 1.56378
1 11.6057 2.92278
1 7.86907 5.30762
1 7.44687 2.0075
1 4.75172 11.5313
1 -1.11843 12.4285
1 11.7375 4.29943
1 7.91081 3.969
1 5.93192 7.41763
1 -7.76425 1.7261
1 6.56174 10.9292
1 -11.7572 4.31776
1 -4.53074 10.5453
1 -7.87551 2.82385
1 3.50889 10.2876
1 -8.77097 1.9322
1 6.27405 3.44483
1 7.67908 4.96755
1 5.97489 4.61521
1 -3.11032 9.07921
1 12.3652 1.44401
1 10.075 8.09014
1 10.3897 7.50483
1 9.11972 7.15018
1 -1.73373 9.29545
1 4.94798 11.1408
1 -6.59205 10.3892
1 -9.42124 0.812405
1 -0.871291 11.5564
1 -4.97607 5.94934
1 -9.31029 4.40303
1 7.07447 4.50233
1 -9.25502 6.13006
1 -0.0406106 12.8718
1 11.5613 1.27752
1 -3.21729 11.5376
1 -5.76463 7.1779
1 0.735623 12.6792
1 7.00572 9.65941
1 11.9734 4.81261
1 -8.39188 4.03178
1 -4.69573 7.49757
1 1.52502 12.766
1 -3.84344 9.94518
1 1.6539 12.7944
1 -10.4905 4.26137
1 11.2271 1.81522
1 12.8355 0.916843
1 -8.81176 3.23248
1 4.54105 7.28148
1 -11.6195 1.24719
1 8.46334 7.14981
1 6.45006 4.03167
1 1.34168 7.49604
1 -8.75758 9.01885
1 0.640401 12.6995
-1 10.8708 -6.45241
-1 -2.13087 4.811
-1 18.2936 4.17939
-1 7.80497 -3.57628
-1 14.2046 -5.3241
-1 3.7768 -5.42097
-1 18.2519 4.05368
-1 21.2765 -1.20868
-1 7.97426 -2.66742
-1 5.03594 -1.04903
-1 15.4776 -2.62511
-1 1.98434 -3.24546
-1 14.539 -1.92076
-1 1.20819 -3.40075
-1 1.12427 3.22519
-1 4.85562 -3.35198
-1 5.6633 -4.56543
-1 -0.0294122 3.42707
-1 10.9101 -3.94931
-1 6.45779 -1.7399
-1 3.97509 -4.81635
-1 20.8397 2.93499
-1 16.9002 -1.70757
-1 2.83921 -2.42475
-1 9.09516 -5.83496
-1 2.24278 -0.877146
-1 0.757893 -0.592708
-1 4.18151 -2.72356
-1 1.2562 -4.4599
-1 15.2491 -0.0588155
-1 20.6633 4.7208
-1 18.0556 -0.688934
-1 7.08671 -2.91808
-1 21.5031 2.80086
-1 -0.85584 4.19323
-1 14.7679 -2.10471
-1 12.3023 -7.00642
-1 17.2393 3.76302
-1 21.1371 2.7183
-1 2.55665 4.25589
-1 7.03769 -3.31297
-1 19.7886 2.21041
-1 -2.14612 4.91139
-1 0.0606227 -0.265885
-1 16.855 -4.9127
-1 22.3273 4.63651
-1 2.56761 -5.57233
-1 19.0119 1.83626
-1 -0.435131 -1.0395
-1 -2.37414 2.17632
-1 0.648405 -2.89943
-1 18.8987 -1.40267
-1 -1.5962 1.93784
-1 18.125 2.7948
-1 6.89618 -2.43294
-1 7.86642 -4.63637
-1 8.03628 -6.24745
-1 6.91503 -6.71547
-1 8.63529 -7.57019
-1 2.19425 -5.08169
-1 17.4259 -3.16785
-1 3.18542 -3.26895
-1 9.5572 -3.59548
-1 1.93326 1.61534
-1 15.8027 -1.80654
-1 -1.47483 4.0044
-1 17.3466 0.364223
-1 -0.366898 1.70577
-1 -2.32426 4.63118
-1 6.74635 -5.57055
-1 19.8932 -0.684922
-1 14.9757 -2.2911
-1 -0.117226 1.67683
-1 17.7517 -2.53638
-1 15.2499 -5.02029
-1 -1.33154 -0.0945197
-1 0.226042 -2.85848
-1 2.81001 0.968006
-1 13.3848 -5.77695
-1 -1.22947 0.156006
-1 10.6159 -7.29842
-1 19.4402 -0.813491
-1 14.995 -2.34912
-1 17.8688 0.603361
-1 14.2615 -0.901462
-1 1.39312 3.04834
-1 1.51047 -0.693002
-1 0.608721 -1.13989
-1 1.15252 -4.34627
-1 15.4959 -6.65606
-1 16.7757 -2.04136
-1 13.6106 -1.23681
-1 19.7543 2.86645
-1 9.50353 -4.71345
-1 -2.23738 1.70331
-1 2.22861 -2.85182
-1 5.6453 -1.77769
-1 14.3137 -6.62628
-1 20.064 -2.28477
-1 0.727414 0.0384225
-1 1.70024 -3.02953
-1 16.9059 -5.27536
-1 9.93718 -3.3788
-1 8.40844 -7.24864
-1 7.51423 -4.2903
-1 17.9221 -1.89072
-1 7.41892 -3.76404
-1 15.9949 -0.521505
-1 7.32207 -4.79369
-1 10.7739 -2.13792
-1 14.776 -5.04476
-1 14.0402 -4.16615
-1 21.592 3.26243
-1 11.3761 -6.33593
-1 0.843289 -1.98751
-1 20.9619 3.55784
-1 6.49043 -2.84608
-1 7.07196 -2.70351
-1 1.13152 1.53931
-1 19.824 2.7564
-1 14.0382 -4.33495
-1 3.08337 -5.43105
-1 3.25162 0.931516
-1 20.2066 -2.90706
-1 19.5619 -2.56521
-1 1.32584 0.555626
-1 16.9869 2.97202
-1 4.74812 -2.67808
-1 14.7749 -3.51399
-1 1.71158 -4.7173
-1 -1.65832 4.79475
-1 3.16357 -5.65958
-1 2.40757 -2.04733
-1 11.8133 -7.48973
-1 -1.69881 2.06738
-1 2.90133 -0.0783095
-1 -0.261961 -0.537678
-1 16.062 -1.31563
-1 14.2708 -5.76843
-1 17.2197 4.83896
-1 17.2923 -4.00339
-1 5.74593 -4.39825
-1 13.9903 -5.56535
-1 3.24654 -0.630105
-1 8.74762 -1.96811
-1 9.27481 -6.45642
-1 1.99059 -2.25387
-1 3.14009 -0.73871
-1 10.8277 -3.50513
-1 16.4007 -1.44424
-1 0.437284 -0.50221
-1 9.19538 -2.30769
-1 21.0712 3.34755
-1 -1.85761 1.98593
-1 12.2869 -5.03452
-1 7.72545 -4.00502
-1 17.2314 -0.864434
-1 16.7656 -4.34954
-1 5.35932 -1.36123
-1 -2.19072 1.26856
-1 5.56429 -1.18216
-1 9.2316 -2.77112
-1 21.6757 0.274307
-1 1.37358 -0.273606
-1 16.12 -0.324095
-1 16.8283 0.0116061
-1 2.99861 -4.12347
-1 12.063 -5.20339
-1 -0.459494 0.145711
-1 17.4607 0.608952
-1 -0.386326 4.05579
-1 1.62485 4.76954
-1 20.8292 1.22116
-1 3.90573 -4.58787
-1 9.56472 -4.30876
-1 2.08184 -2.75079
-1 21.155 4.35981
-1 0.097015 0.433501
-1 21.7803 4.41779
-1 -2.01008 1.63219
-1 20.6769 3.22699
-1 16.7105 2.13076
-1 13.5343 -7.1953
-1 5.34143 -6.77559
-1 5.41813 -5.94377
-1 20.479 3.35632
-1 1.94164 3.62865
-1 20.8716 -1.24344
-1 10.0393 -2.38265
-1 8.61316 -6.70365
-1 19.1732 3.31109
-1 -0.491621 -2.67044
-1 3.06061 -1.62643
-1 6.80991 -5.5398
-1 19.5163 2.62003
-1 3.47064 0.402409
-1 19.6461 2.40448
-1 14.9774 -3.21854
-1 4.41588 -1.88658
-1 17.6374 0.45613
-1 5.36158 -3.85976
-1 -0.557577 1.92859
-1 15.9559 -5.14592
-1 7.99432 -3.78729
-1 15.0078 -5.17461
-1 3.4535 -0.507134
-1 11.033 -6.52745
-1 20.7434 1.44818
-1 -0.436193 3.74663
-1 13.9686 -7.1053
-1 0.826613 -0.0220762
-1 9.95135 -6.82664
-1 14.3023 -1.15779
-1 -0.178131 -2.98575
-1 21.8136 3.01142
-1 18.6812 1.39619
-1 0.526462 1.56644
-1 1.53541 4.69136
-1 4.4967 -1.31112
-1 20.7017 -0.838614
-1 2.18278 -3.91523
-1 7.41181 -2.0372
-1 5.54985 -2.98587
-1 13.9353 -6.7677
-1 18.7212 -0.848392
-1 8.86753 -6.91774
-1 -2.04475 3.40718
-1 22.5892 2.41501
-1 21.2413 0.632813
-1 7.33468 -3.58549
-1 4.88336 -4.62431
-1 8.03638 -4.29984
-1 7.06178 -5.30114
-1 -0.514408 -2.35571
-1 5.52181 -5.38865
-1 2.7723 -4.20261
-1 21.3954 2.72385
-1 3.77211 -0.497993
-1 20.1085 2.04376
-1 -0.542224 2.77837
-1 13.4348 -6.60909
-1 9.67171 -5.27327
-1 14.8651 -2.87568
-1 5.04438 -5.37005
-1 19.9791 1.8421
-1 5.16696 -2.0345
-1 2.08903 1.45417
-1 13.2559 -2.35883
-1 4.87749 -1.80466
-1 11.0021 -6.49832
-1 -0.762486 3.70058
-1 20.7848 0.315264
-1 2.00821 0.534985
-1 0.859484 -1.0826
-1 9.96167 -7.19512
-1 17.2246 -3.26352
-1 9.18025 -6.89143
-1 11.5581 -5.45291
-1 2.14785 -3.67337
-1 14.7143 -2.64277
-1 2.28784 2.52321
-1 13.5634 -2.9341
-1 2.4594 -3.60922
-1 15.4994 -1.28286
-1 13.5531 -2.75817
-1 1.76225 4.17556
-1 5.89908 -2.07303
-1 -1.48949 -0.220375
-1 4.51461 -0.510808
-1 0.917945 0.239144
-1 0.495945 -0.0170824
-1 11.997 -7.30939
-1 15.0272 -3.72769
-1 0.365376 4.84061
-1 2.41872 -1.60692
-1 4.90681 -0.954579
-1 3.12447 -4.51544
-1 13.2366 -3.70933
-1 1.21821 -4.05206
-1 2.01055 0.186065
-1 1.70934 4.57723
-1 21.9398 0.242436
-1 -0.321205 -1.32915
-1 3.33129 -0.491762
-1 16.6238 1.96703
-1 7.31183 -2.48946
-1 3.24183 -5.77526
-1 -1.54857 3.82734
-1 20.6672 -1.29155
-1 10.3181 -4.24952
-1 12.2484 -5.93653
-1 10.2179 -3.64083
-1 16.6714 1.98678
-1 4.95369 -5.91436
-1 -0.55905 -1.4978
-1 -0.0147534 -1.08289
-1 13.2375 -4.14696
-1 22.239 4.96999
-1 13.9929 -6.85218
-1 9.32558 -2.66606
-1 12.5616 -2.39339
-1 2.13043 -1.03306
-1 16.0761 -6.19259
-1 19.1741 0.962089
-1 2.33544 -4.40621
-1 2.70493 3.78198
-1 0.416285 -1.9851
-1 17.3195 0.961305
-1 5.94697 -6.31601
-1 7.15993 -4.78969
-1 9.30233 -6.87169
-1 15.8023 -0.781708
-1 20.124 -0.247292
-1 -2.51196 4.42158
-1 0.215896 4.43119
-1 12.5689 -2.0458
-1 8.64895 -2.40675
-1 16.6624 -5.67337
-1 3.39549 -6.17667
-1 11.4381 -3.11711
-1 8.82597 -7.89985
-1 3.20719 -5.02955
-1 13.8939 -6.53004
-1 5.17204 -1.37361
-1 2.41671 -3.67738
-1 12.7775 -2.24871
-1 18.938 2.02137
-1 15.5759 -5.80332
-1 -1.56575 3.0539
-1 15.9542 -5.13407
-1 0.594013 2.3234
-1 19.1333 -0.141554
-1 7.82961 -6.57988
-1 17.3479 -1.67272
-1 2.68657 -3.04142
-1 2.1268 -2.32611
-1 7.85289 -6.63271
-1 17.9103 0.480203
-1 1.10792 3.59763
-1 15.3109 -2.6408
-1 1.8859 0.467919
-1 2.04661 -1.49766
-1 8.78382 -7.41751
-1 20.7482 0.48484
-1 17.6027 0.965475
-1 13.7988 -1.51536
-1 4.96616 -6.27153
-1 16.7489 1.45116
-1 14.1069 -1.05252
-1 -1.38556 4.00067
-1 14.1319 -0.820662
-1 5.77337 -2.39091
-1 -1.5712 0.0206945
-1 14.6488 -1.92608
-1 5.05344 -0.364196
-1 15.801 -2.6244
-1 8.06607 -7.01782
-1 5.34237 -4.18624
-1 -1.27797 -1.3077
-1 19.7233 3.55485
-1 -2.31347 2.89004
-1 18.7023 2.2149
-1 -2.05925 2.25461
-1 17.4219 -2.38489
-1 12.2249 -4.38394
-1 -1.9028 0.577412
-1 2.72172 4.57353
-1 0.906145 -2.63282
-1 7.3363 -5.8287
-1 4.30692 -1.98187
-1 18.2262 2.56253
-1 -2.52937 3.9434
-1 12.9466 -2.45399
-1 15.7694 -4.35255
-1 17.3928 0.0653302
-1 9.61599 -7.30068
-1 10.4316 -4.70308
-1 2.30367 1.81348
-1 0.137808 -1.15492
-1 6.86591 -1.29528
-1 7.51181 -4.88122
-1 13.4483 -5.72711
-1 16.3489 -6.15192
-1 16.3262 -4.33083
-1 2.71055 3.80255
-1 -0.518668 -1.10064
-1 22.2636 2.41838
-1 2.67898 4.87174
-1 13.5336 -6.48127
-1 12.1319 -6.4072
-1 20.2256 -0.030038
-1 -0.0262482 4.54984
-1 4.40632 -2.76276
-1 -1.04397 4.26999
-1 4.45444 -1.63621
-1 -1.17844 2.04469
-1 0.886553 -4.23117
-1 6.06002 -2.64329
-1 4.14083 -5.76187
-1 0.600062 4.61199
-1 1.80744 -3.31185
-1 18.3931 0.195604
-1 16.9725 -4.52438
-1 5.33948 -1.37998
-1 1.77223 3.78736
-1 5.18666 -0.682043
-1 20.1397 1.98021
-1 -2.18545 2.52237
-1 5.45608 -2.29619
-1 8.59975 -2.96539
-1 0.107673 4.39564
-1 5.0717 -6.03798
-1 4.84281 0.19266
-1 9.25529 -4.74692
-1 19.8873 0.832461
-1 4.69835 -3.95087
-1 17.3007 2.8443
-1 12.9458 -2.69285
-1 9.52046 -6.67995
-1 18.338 1.73449
-1 20.6108 3.27443
-1 21.957 0.0542978
-1 10.5171 -5.08325
-1 22.2845 3.11909
-1 7.5601 -5.79677
-1 19.2925 0.321501
-1 -0.0897614 3.74862
-1 1.77857 -1.58617
-1 16.7995 -0.487399
-1 13.6163 -7.1617
-1 12.6619 -2.28976
-1 17.3463 -4.69244
-1 -1.74078 2.09084
-1 14.714 -6.22445
-1 20.811 1.92466
-1 1.01176 0.877558
-1 2.89142 -2.49914
-1 0.349683 4.83234
-1 20.3163 3.07038
-1 13.0801 -2.65449
-1 12.9296 -6.44448
-1 5.14202 -4.61219
-1 9.88719 -2.81049
-1 4.9882 -5.51988
-1 9.45533 -4.36939
-1 8.56458 -2.36176
-1 6.21774 -5.69858
-1 3.03318 -2.25774
-1 19.3015 3.50481
-1 3.30912 -4.83501
-1 13.4905 -7.12357
-1 5.0969 -6.70172
-1 14.0284 -1.22695
-1 19.8597 1.32208
-1 19.9364 -1.02259
-1 13.9989 -0.856989
-1 3.89514 -0.74083
-1 18.9584 -4.14859
-1 4.05275 1.08296
-1 12.2782 -7.3426
-1 15.3384 -0.0834777
-1 -0.670112 0.0575113
-1 4.00339 -0.965441
-1 20.8603 4.97589
-1 1.98199 4.24142
-1 -1.69662 3.7445
-1 5.99195 -6.91169
-1 19.4228 -1.5923
-1 8.05254 -7.76345
-1 15.679 -6.37445
-1 15.6119 -1.71325
-1 20.2452 -2.42956
-1 21.0634 1.99858
-1 20.8417 3.73503
-1 1.94793 1.60574
-1 3.86152 -3.92624
-1 1.34673 2.94902
-1 -0.0779485 2.07703
-1 12.5837 -2.26439
-1 20.4745 -0.508409
-1 0.97832 -3.1997
-1 4.59002 -5.68436
-1 21.4228 4.88001
-1 6.91104 -6.92061
-1 19.2219 2.885
-1 12.0513 -4.94097
-1 13.9348 -2.01315
-1 3.31415 2.85545
-1 2.77849 0.750675
-1 1.0567 -1.72177
-1 10.5658 -3.7394
-1 2.58343 1.65948
-1 16.9057 0.900646
-1 4.45018 -6.21472
-1 10.2238 -3.23877
-1 15.7238 0.134156
-1 5.10674 -3.56602
-1 6.33327 -4.02467
-1 9.88338 -2.82139
-1 1.1255 2.77441
-1 21.5034 4.71542
-1 18.8965 -1.04861
-1 9.60521 -5.60799
-1 11.4923 -6.83694
-1 -1.7177 0.844466
-1 6.82028 -6.17055
-1 7.98003 -4.44028
-1 22.4402 1.33416
-1 16.3563 -3.07292
-1 14.2218 -4.62174
-1 20.8884 0.682179
-1 9.15586 -3.89587
-1 20.5514 2.52269
-1 21.1308 3.62108
-1 11.7149 -2.98698
-1 7.85961 -6.93742
-1 4.55561 -0.416903
-1 4.82468 -5.03813
-1 21.5675 2.00639
-1 0.344402 2.48675
-1 20.48 0.758383
-1 20.812 2.94061
-1 10.411 -4.12468
-1 20.6243 0.954561
-1 3.38312 -2.09504
-1 -1.20664 0.96936
-1 14.7402 -1.93451
-1 13.5795 -1.04864
-1 5.6329 -1.52509
-1 2.35665 2.04614
-1 9.21315 -2.687
-1 2.12591 -3.20996
-1 17.5132 4.85605
-1 -1.16893 3.68823
-1 9.60353 -3.58081
-1 13.2713 -5.63757
-1 14.2992 -3.21096
-1 16.717 -1.49933
-1 2.54566 -4.51015
-1 2.76475 2.53979
-1 20.4757 -0.932952
-1 1.20553 -3.7312
-1 -0.27125 3.12608
-1 21.5212 1.63195
-1 15.0847 -0.722074
-1 18.1755 -0.299354
-1 -2.14219 0.758412
-1 20.4668 4.43883
-1 2.21394 2.45295
-1 20.1866 -1.0448
-1 8.33538 -6.34702
-1 15.4491 -0.950338
-1 13.5627 -4.86186
-1 2.02365 4.06897
-1 22.3363 1.03907
-1 18.3206 -0.639852
-1 10.3506 -3.50428
-1 20.7957 2.99112
-1 14.5424 -5.48962
-1 17.325 -1.21634
-1 6.56655 -6.37415
-1 8.49858 -2.1133
-1 12.7915 -1.85661
-1 18.2395 3.48827
-1 11.9643 -6.20798
-1 14.3226 -5.0604
-1 6.07476 -3.06139
-1 3.41858 -4.6081
-1 13.9111 -4.68965
-1 9.96195 -5.62035
-1 14.8902 -3.57044
-1 1.1402 4.09917
-1 0.814467 -2.99855
-1 15.505 -5.8826
-1 1.99344 2.58776
-1 1.98099 2.58076
-1 21.0908 4.43007
-1 9.28236 -3.51154
-1 9.19989 -7.35118
-1 7.9578 -7.6221
-1 11.7196 -6.02982
-1 20.5653 -0.671757
-1 16.6098 -0.0697916
-1 12.4886 -5.33085
-1 5.32889 -5.0646
-1 21.7482 3.57458
-1 4.63293 -4.3525
-1 8.71948 -2.94708
-1 1.26506 2.6309
-1 -1.11875 2.8512
-1 20.4458 3.89847
-1 1.7771 -3.63927
-1 0.742281 1.33531
-1 17.3541 -3.93223
-1 3.82656 1.50207
-1 4.72353 -4.27602
-1 4.78741 -1.73948
-1 0.136953 -1.21047
-1 15.72 0.106405
-1 -0.409597 -1.89425
-1 19.899 4.75781
-1 -0.980028 -0.0557352
-1 12.2055 -4.47314
-1 14.1335 -5.32879
-1 -0.290563 -2.811
-1 2.70683 2.64443
-1 3.78314 -1.3783
-1 0.861323 1.32228
-1 4.52787 -4.28203
-1 9.11186 -4.54154
-1 15.4631 -4.23634
-1 3.43418 -2.74783
-1 9.24099 -3.04831
-1 8.76417 -2.1762
-1 15.8881 -3.36135
-1 20.6486 -0.322055
-1 -2.80141 4.19357
-1 6.48842 -6.24115
-1 21.6803 4.10218
-1 3.75639 -1.54599
-1 21.8447 4.38483
-1 4.39422 -1.04465
-1 3.39453 0.208832
-1 17.4678 3.41086
-1 10.3652 -5.88673
-1 4.88068 -3.64837
-1 11.2785 -1.95242
-1 15.7408 -1.58063
-1 3.65199 -2.89504
-1 1.50895 4.24728
-1 5.03224 -1.25871
-1 17.2901 -2.1231
-1 1.36417 0.743062
-1 14.3995 -4.65699
-1 3.04221 3.28237
-1 -1.99876 2.51096
-1 14.0305 -2.09777
-1 -0.564557 2.61404
-1 17.0421 4.65135
-1 -0.783366 0.910356
-1 8.2249 -6.53206
-1 10.7294 -6.74207
-1 3.14168 -0.481305
-1 0.409051 3.24592
-1 21.6172 4.16399
-1 22.3116 2.77969
-1 11.833 -3.67882
-1 14.0702 -4.71817
-1 14.0489 -6.24661
-1 17.7832 4.93528
-1 18.9652 -3.05697
-1 11.6093 -5.8597
-1 2.48955 3.59245
-1 6.97082 -2.69022
-1 18.3337 -3.61537
-1 18.8839 1.05115
-1 16.3111 -0.033276
-1 7.33364 -2.30534
-1 1.55637 1.35038
-1 5.05906 -0.413364
-1 18.6973 2.51292
-1 15.3559 -3.13947
-1 -0.24296 -2.88545
-1 0.684303 -3.3259
-1 8.07915 -4.76641
-1 15.2349 -1.1661
-1 11.2634 -2.80465
-1 1.65002 -1.25168
-1 21.9767 2.19703
-1 -2.23323 2.52763
-1 12.524 -3.36471
-1 22.0302 0.660657
-1 16.3253 -5.58874
-1 4.96616 -6.27153
-1 4.68794 -4.00054
-1 16.8273 1.27789
-1 4.35279 -6.65816
-1 9.24097 -2.94988
-1 4.37203 -4.24403
-1 6.53435 -5.0647
-1 14.9466 -2.28824
-1 12.3948 -7.58928
-1 10.881 -4.34172
-1 6.12579 -1.035
-1 16.0618 -3.45379
-1 6.06027 -2.86549
-1 16.4072 1.88414
-1 9.61491 -5.00661
-1 14.7517 -6.5313
-1 0.624533 3.25178
-1 1.32436 3.68363
-1 -0.98964 4.33773
-1 20.9804 3.00039
-1 -2.42652 1.96744
-1 1.36097 -1.06713
-1 1.91567 -0.233518
-1 1.08656 1.1738
-1 18.1682 -1.55195
-1 15.0902 0.17531
-1 0.0637689 -0.327755
-1 18.3016 0.278709
-1 11.0091 -2.79771
-1 -1.27789 0.922519
-1 2.19865 -4.18155
-1 7.43188 -1.71311
-1 17.9533 2.58628
-1 17.3648 3.19239
-1 1.61189 -0.0348402
-1 2.98088 0.865803
-1 17.9931 -4.73749
-1 17.055 3.48825
-1 3.67543 -0.320734
-1 4.31576 0.834246
-1 16.4519 -0.243821
-1 13.6264 -1.40919
-1 11.4633 -2.61568
-1 0.224774 4.70317
-1 12.0698 -6.87094
-1 10.9681 -7.75265
-1 20.422 0.998409
-1 12.801 -6.77792
-1 1.78557 -2.23216
-1 -0.380173 -1.67445
-1 18.9742 1.36035
-1 6.69271 -6.13585
-1 19.6261 0.787508
-1 3.90073 -1.99601
-1 12.8138 -4.07688
-1 20.5554 1.16259
-1 4.82947 -6.64506
-1 0.978147 -3.06151
-1 15.7122 -3.33658
-1 0.448707 1.20126
-1 16.871 -2.46427
-1 8.85031 -3.02334
-1 -0.823171 -0.680172
-1 0.971194 3.61153
-1 15.6588 -0.242539
-1 16.0211 0.337162
-1 17.311 -0.116621
-1 18.2844 -1.41481
-1 2.99505 -0.60566
-1 -0.420629 4.30814
-1 2.07658 0.0737048
-1 14.3774 -2.60274
-1 5.05763 -3.9237
-1 1.83149 1.34857
-1 14.3642 -0.868829
-1 1.03411 -3.25439
-1 9.19538 -2.30769
-1 3.40683 2.49147
-1 5.51768 -1.97317
-1 3.03391 -4.43096
-1 14.3909 -6.09113
-1 9.80479 -7.33975
-1 11.8002 -6.05811
-1 12.4328 -6.93076
-1 0.869621 4.77764
-1 9.9733 -6.81442
-1 14.2414 -5.96875
-1 0.214855 4.36297
-1 18.5579 -1.5793
-1 22.3724 4.27592
-1 1.93524 0.0960041
-1 12.1097 -4.17899
-1 6.92146 -3.64134
-1 1.95485 -0.489451
-1 11.4237 -6.96238
-1 9.69813 -6.34592
-1 14.3392 -5.72859
-1 14.5162 -2.96476
-1 13.0963 -4.39617
-1 16.8697 -2.87886
-1 17.057 2.41782
-1 3.78265 -1.82313
-1 -1.43701 4.90875
-1 2.33075 0.660246
-1 6.88968 -4.07921
-1 -2.38786 3.30073
-1 17.5548 -1.29138
-1 3.78052 -2.31118
-1 12.3889 -7.42679
-1 -1.20229 0.0459231
-1 17.1073 -4.8341
-1 3.46747 0.374188
-1 18.3075 -2.28122
-1 6.35675 -5.40505
-1 20.006 -2.90944
-1 11.1834 -7.05225
-1 16.2592 -3.3922
-1 5.29584 -3.87671
-1 19.7705 3.47179
-1 16.877 2.03215
-1 17.0946 4.62017
-1 11.0981 -6.78722
-1 14.0242 -6.81986
-1 15.5246 -1.63482
-1 -0.786034 -0.181725
-1 16.3947 -3.10149
-1 3.46075 -1.89294
-1 11.2252 -5.8256
-1 18.8764 4.42046
-1 4.73839 -3.13068
-1 2.78094 4.63572
-1 12.8128 -2.3084
-1 10.5902 -7.57286
-1 4.03449 -1.53209
-1 9.30645 -6.3769
-1 4.20659 -3.35267
-1 2.92535 -5.5228
-1 22.0033 3.42106
-1 18.4955 -3.03516
-1 -0.822848 1.60227
-1 10.901 -6.25696
-1 9.34677 -5.96414
-1 0.684458 4.87135
-1 6.56484 -3.61479
-1 12.9435 -2.99612
-1 7.46032 -1.59713
-1 8.31018 -5.73313
-1 22.0821 2.99352
-1 11.6314 -5.40409
-1 15.5267 -5.21916
-1 8.04257 -6.56281
-1 8.39831 -5.08753
-1 11.6076 -6.79608
-1 18.1971 4.70697
-1 13.8737 -6.10798
-1 14.2743 -2.80344
-1 14.7748 -0.37047
-1 9.90377 -2.28852
-1 -0.0980767 1.95734
-1 16.7804 2.72972
-1 6.52323 -5.44002
-1 1.35824 -1.07011
-1 20.8097 4.28725
-1 19.8021 -3.38155
-1 -2.73786 4.40788
-1 16.3227 -1.24132
-1 17.8746 3.91764
-1 -1.27265 4.34002
-1 22.5582 3.69343
-1 10.3774 -5.63036
-1 14.866 -1.50793
-1 17.1582 0.867858
-1 20.1463 3.26346
-1 16.8273 1.27789
-1 19.391 4.63149
-1 20.49 4.1136
-1 9.32428 -5.07476
-1 20.927 2.84589
-1 12.1604 -2.74052
-1 19.7961 1.01872
-1 5.33059 -3.58145
-1 6.19581 -5.25491
-1 2.75567 3.39641
-1 0.385004 -2.51842
-1 -0.0307581 -0.565437
-1 0.0157409 -0.513557
-1 10.1651 -4.85821
-1 11.4423 -4.44185
-1 18.7265 -2.0156
-1 14.1408 -0.864247
-1 9.2449 -4.44568
-1 2.1174 -2.44628
-1 16.7736 1.46685
-1 8.99116 -4.88282
-1 2.99764 3.36613
-1 12.5585 -4.09581
-1 -1.1158 3.78207
-1 7.29015 -6.61895
-1 7.40271 -6.07103
-1 19.0995 -3.11137
-1 9.65105 -4.24238
-1 12.2559 -3.47455
-1 17.8475 -1.911
-1 2.55069 -1.34926
-1 19.6991 -1.14584
-1 9.30854 -3.92198
-1 4.7369 -1.31834
-1 6.55022 -1.60649
-1 17.9231 1.62455
-1 15.3839 -5.43792
-1 19.3721 -0.344849
-1 5.7088 -5.79861
-1 7.47493 -7.46458
-1 20.4614 -2.31984
-1 16.989 2.4208
-1 17.1878 -2.83149
-1 1.38062 -1.26247
-1 3.4166 -5.08589
-1 11.216 -2.10772
-1 21.1466 4.60213
-1 17.7575 3.96752
-1 19.0988 3.432
-1 1.36763 -2.69127
-1 21.0816 1.40196
-1 -1.9181 2.45338
-1 10.7154 -2.0124
-1 7.60557 -7.51871
-1 10.0596 -2.90963
-1 -0.400774 -1.74574
-1 -1.01114 3.96694
-1 4.80348 -3.3107
-1 22.4079 2.79528
-1 7.67651 -7.77097
-1 7.73463 -5.01986
-1 -2.39384 1.3243
-1 14.4777 -2.45869
-1 2.59835 2.64818
-1 2.60901 1.70804
-1 5.23532 -5.42166
-1 1.24792 -0.82555
-1 14.1975 -2.31899
-1 -2.17216 3.41131
-1 0.445923 -1.66395
-1 7.91987 -4.5083
-1 8.51433 -4.07819
-1 8.75229 -7.1325
-1 9.70157 -2.10928
-1 -0.857128 1.93184
-1 -1.87976 2.40054
-1 -1.33138 3.52497
-1 20.4131 1.70596
-1 17.0794 -2.48008
-1 9.28126 -7.10437
-1 10.0264 -6.41068
-1 5.5054 -6.98088
-1 0.8681 -1.61822
-1 15.6895 -1.49998
-1 18.009 0.38128
-1 20.4429 4.98686
-1 12.3029 -3.09278
-1 -0.659513 -1.04094
-1 18.7123 0.625279
-1 9.29733 -3.97798
-1 10.5208 -4.19023
-1 15.4608 -4.43462
-1 16.729 -5.67275
-1 14.5242 -5.13671
-1 21.2828 -1.32041
-1 6.06046 -5.35397
-1 18.3193 -0.58243
-1 19.407 -1.53928
-1 22.3319 4.81358
-1 15.287 -2.95037
-1 1.90039 0.982508
-1 17.1077 -0.547191
-1 -0.0645334 2.48801
-1 15.746 -0.486446
-1 0.621756 4.82842
-1 -1.12689 0.906636
-1 14.6842 -4.74298
-1 -2.49227 1.53679
-1 -2.42992 4.0033
-1 13.5232 -3.24709
-1 18.2975 0.473038
-1 7.25284 -6.99087
-1 17.6763 1.45088
-1 17.691 -4.79506
-1 0.128276 2.64879
-1 3.45591 -1.92465
-1 11.0367 -3.63143
-1 18.8463 -4.45596
-1 4.40594 -5.71026
-1 22.0667 4.41847
-1 0.333585 3.92498
-1 4.24724 -4.85786
-1 19.8474 2.86503
-1 16.413 2.04671
-1 3.55872 -3.90978
-1 17.6534 3.15215
-1 4.90506 -1.19403
-1 4.71176 -0.04663
-1 -0.370219 -2.09419
-1 13.8949 -5.48392
-1 16.9219 -2.40153
-1 18.8352 2.14397
-1 0.816914 3.27047
-1 0.42422 1.61231
-1 15.5513 -1.34553
-1 3.15502 3.16394
-1 5.94866 -4.55052
-1 4.05501 -4.31571
-1 7.70918 -4.87094
-1 22.3364 1.43327
-1 0.667165 4.42506
-1 -0.491621 -2.67044
-1 17.3337 -1.10971
-1 1.79281 0.0549758
-1 21.0903 0.982526
-1 5.15866 -4.89686
-1 19.9789 3.29593
-1 19.1584 2.25266
-1 4.55023 -3.91244
-1 3.20112 0.525567
-1 10.132 -4.47613
-1 16.0993 -3.77321
-1 20.2326 -0.663535
-1 17.0875 1.78522
